bow
34

120 600
120 660
120 720
120 750
120 810

xbow
36

630
690
720
780
870

spear
50

810 600
870 660
930 720
990 750
1050 810

1hsword
40

630 600
690 660
750 720
810 750
840 810

2hsword
46

630 600
690 660
750 720
810 750
840 810

1ham
44
32

630 600
690 660
750 720
810 750
840 810

2ham
48
34

630 600
690 660
750 720
810 750
840 810

elestaff
125
105

690 3060
720 3060
810 2700

dagger
36

1380 690
1500 750
1620 810
1710 870
NULL NULL
NULL 1950

claw
36

600 630
660 690
720 750
750 810
810 840

knuckle
48

2340 1830 1080 750
2550 1980 1170 810
2730 2130 1260 870
2940 2280 1350 930
3120 2430 1440 990
NULL 3240 2250 1320

gun
36

600 120 720
630 120 780
690 120 840
750 120 900
780 120 960